1 916
29 1053
39 1011
58 1090
64 1095
97 1205
90 1411
51 1120
41 1074
40 1004
28 1015
81 1310
61 1151
9 937
16 950
52 1107
89 1159
78 1139
53 1056
38 1163
88 1186
18 950
83 1156
33 979
14 979
50 1082
26 1028
73 1171
71 1191
75 1377
74 1148
36 988
54 1080
42 1043
25 1026
45 1043
60 1133
4 874
55 1069
21 988
63 1140
19 1008
48 1069
99 1251
84 1258
66 1126
70 1123
10 971
67 1168
5 912
98 1234
31 1030
56 1186
24 964
92 1216
47 1049
27 975
95 1397
59 1087
32 1072
49 1208
44 1045
30 1002
8 919
46 1109
80 1207
91 1254
7 914
82 1266
20 981
6 923
94 1237
11 990
77 1142
96 1377
34 1010
72 1129
68 1136
57 1128
87 1218
43 1108
2 998
3 967
22 959
35 997
93 1204
37 1152
13 945
85 1221
69 1115
86 1179
12 944
65 1093
62 1259
100 1446
15 955
79 1169
23 1000
17 1085
76 1217