1 982
29 1303
39 1385
58 1668
64 1717
97 2049
90 1923
51 1597
41 1419
40 1392
28 1303
81 1788
61 1678
9 1116
16 1120
52 1573
89 2052
78 1840
53 1539
38 1392
88 2023
18 1174
83 1867
33 1338
14 1179
50 1534
26 1299
73 1920
71 1808
75 1784
74 1748
36 1459
54 1507
42 1484
25 1327
45 1424
60 1585
4 985
55 1518
21 1214
63 1642
19 1257
48 1490
99 1972
84 1830
66 1742
70 1686
10 1090
67 1848
5 1013
98 1999
31 1272
56 1638
24 1199
92 2147
47 1543
27 1406
95 2141
59 1601
32 1283
49 1522
44 1504
30 1235
8 1068
46 1535
80 1919
91 2194
7 1045
82 1823
20 1188
6 1065
94 1988
11 1124
77 1724
96 1978
34 1329
72 1693
68 1841
57 1617
87 1950
43 1383
2 1004
3 1072
22 1244
35 1397
93 1945
37 1372
13 1110
85 1971
69 1767
86 2102
12 1073
65 1678
62 1633
100 2233
15 1147
79 1929
23 1284
17 1313
76 1888